5791
5786
5639
5375
5374
5373
5371
5370
5369
5368
5367
5366
5351
5089
5088
5087
5086
5084
5083
4637
4636
4192
3112
3090
3064
3063
3060
18630
18629
18628
18627
18626
18625
18624
18623
18622
18621
18620
18619
18618
18617
18616
18615
18614
18613
18612
18611
18610
18447
18085
18076
18073
18071
17978
17976
17974
17973
17972
17971
17897
17474
17470
17468
17467
17466
17465
17464
17463
17462
17461
17460
17459
17458
17452
17451
17450
17448
17443
17442
17441
17440
17439
17438
17437
17436
16790
16789
16788
16787
16786
16785
16784
16783
16759
16757
16756
16754
16753
16747
16746	
16745
16744
16743
16742
16741
16740
16739
16738
16737
16736
16735
16734
16733
16678
16623
16498
15062
15061
15060
15057
15056
15051
15049
15047
15045
15044
15043
14761
14631
14615
14554
14528
14478
13658
13563
13561
13560
13559
13558
13556
13555
13554
13553
13552
13551
13550
13549
13548
13547
13546
13545
13544
13543
13542
13541
13540
13539
13538
13537
13536
13535
13534
13533
13532
13531
13530
13529
13528
13527
13526
13525
13524
13523
13522
13521
13520
13519
13518
13517
13516
13515
13514
13513
13512
13511
13510
13509
13508
13507
13506
13505
13504
13503
13502
13501
13500
13499
13498
13497
13496
13495
13494
13010
13009
1246
11681
11680
11679
11678
11663
11385
11384
11280
11099
10765
10186
14442
9569
9568
9567
9352
8981
8969
8908
8907
8596
8595
8594
8593
8087
8086
8085
8084
8083
8082
8081
7862
7649
7648
7647
7646
7645
7644
7643
7642
7641
7640
7639
7638
7637
7609
7608
7607
7598
7578
7577
7576
7575
7574
7573
7572
7571
7570
7569
7568
7567
7566
7565
7564
7563
7562
7543
7542
7541
7087
7086
7085
7084
7083
7082
7081
7080
7079
7078
7077
7076
7075
5783
5764
5337
5323
5295
5294
5293
5292
18472
18471
18470
18448
18215
18214
18213
18212
18211
18210
18209
18208
18207
18206
18205
17530
17518
17504
17434
17433
17432
17431
17430
17429
17428
17427
17426
17048
17047
17046
16622
16374
16373
16372
16371
16307
16306
16292
16291
16290
16289
16288
16286
16284
16283
16282
16270
16269
16268
16099
16050
16049
16048
16047
16046
16045
16044
16043
16042
16041
16040
16039
16038
16015
16014
16013
13806
13452
13451
13449
13448
13447
13444
13443
13442
13441
13440
13439
13437
13436
13375
13374
13205
13137
11627
11626
11625
11610
11609
11608
11565
11564
11563
11562
11561
11478
11477
11476
11460
10743
10742
10741
10740
10739
10738
10737
10736
10735
10734
10712
10711
10710
10709
10708
10707
10706
10705
10704
10703
10702
10701
10700
10699
10698
10697
10696
10695
10267
10040
10012
11324
1610
1611
1377
9934
9933
9932
9886
9885
9154
9124
9122
9121
9089
9088
7944
7943
7942
7892
7333
7332
7331
7280
7226
7222
7221
7208
7207
7206
7097
6196
6195
6194
6193
6192
5991
5990
5665
5662
5661
5059
5058
5057
4752
4751
4750
4749
4748
4747
4746
4745
4744
4743
4742
4741
4740
4739
4725
4723
4722
4721
4720
4717
4716
4715
4222
4221
4220
4219
4218
4217
4216
4215
4214
4213
4212
17957
17956
17955
17954
13493
13485
13484
13461
11412
11411
11410
10147
10146
10058
10057
3971
3969
3968
6350
6349
2728
4230
4235
4239
4730
4733
4734
4891
4994
5854
7902
7903
7904
7905
8293
8294
8310
8327
8328
8329
9184
9185
9186
9187
9189
17535
17916
17917
17918
17919
11392
13608
13609
13610
13611
13612
13613
13614
13615
13616
13617
13618
13619
13620
13621
13624
13625
13627
13631
13628
13632
13634
13650
13651
13661
13662
13659
13660
14779
321
323
324
3965
2289
2288
2287
2286
2285
2284
2283
2282
2281
2280
2279
2278
2277
2276
2275
2274
2273
2272
2271
2270
2269
2268
2267
2266
2265
2264
2263
2262
2261
2260
2259
2258
2257
2256
2255
2254
16155
16153
1565
1564
14860
14812
14742
14737
14489
14462
14461
8669
8667
8666
8665
8642
8641
5818
5789
11007
14483
14747
3973
3960
3957
3956
3955
3954
3953
3952
3951
3950
3949
3947
3938
3933
3045
3044
2962
2437
18122
18109
18105
18104
18102
18091
18078
18068
18067
18063
18062
18054
18053
18052
18050
18048
18046
18044
18043
18041
18039
18035
18006
18000
16063
16062
14868
14840
14830
14829
14695
14694
14692
14691
14690
14688
14681
14663
14641
14636
14545
14514
13605
13601
13600
13597
13596
14465
14456
14441
14439
14438
14434
14433
14432
1842
1843
1844
1845
1846
1847
1848
1849
1850	
1883
1884
1887
1888
1889
1890
1891
1973
1981
1982
1983
1984
1986
1987
1988
1991
1992
1993
1994
1995
1996
2012
2362
2365
2367
2368
2457
2488
2489
2490
2492
2493
2494
2495
2496
2505
2506
2507
2508
2535
2536
2537
2538
2539
2540
2541
2542
2543
2544
2545
2546
2547
2548
2549
2550
2551
2552
2553
2554
2555
2556
2557
2577
2578
2579
2581
2582
2583
2584
2585
2586
2598
2620
2621
2622
2871
14403
14654
14666
14890
18061
2052
2053
2054
2374
2377
2378
2381
2382
2383
2389
2390
2391
2392
2394
2396
2397
2398
2399
2401
2402
2408
2409
2411
2689
2704
2705
2706
14520
14521
14863
14864
15027
15028
18094
1782
1783
1785
1787
1788
1790
1839
1971
2005
2013
2017
2028
2099
2100
2101
2102
2104
2127
2130
2131
2132
2135
2136
2144
2147
2149
2150
2170
2186
2201
2202
2225
2227
2233
2294
2296
2297
2336
2337
2339
2340
2360
2361
2415
2417
2421
2426
2452
2522
2524
2565
2566
2627
2628
2629
2630
2742
2812
2816
2822
2824
2826
2827
2828
2829
2830
2831
2832
2848
2849
2850
2851
2852
2853
2854
2855
2862
2863
2864
2865
2868
2870
14457
14515
14516
14517
14519
14532
15604
14879
15050
16377
2800
2801
3810
3811
5078
5150
5234
5265
5266
5290
5324
5325
5339
5629
5635
5636
5682
5847
6214
6362
6372
6386
6403
6421
6430
6431
6444
6499
7884
7986
8319
8321
8617
8619
8660
8679
8835
8836
8837
8846
8852
8887
8888
8989
8991
9019
9034
9035
9152	
11413
11414
16390
17879
17905
17907
17939
17958
18011
18013
17456
7190
7189
7188
7187
9896
9825
9697
9682
9594
9565
9563
9562
9561
9560
9559
940
938
8579
8574
8573
8502
7233
6397
6393
6363
6210
6209
6045
6044
5876
5873
5872
5788
5785
5663
5465
5233
5232
5231
5069
5031
4983
4691
4599
4596
4227
3959
3946
17943
17902
17854
17592
17591
17588
17586
17070
14473
14470
14460
14406
10233
10228
10183
10032
10011
2438
913
912
911
18101
18100
18099
1779
1777
1773
1733
16319
4120
4121
4170
4171
4180
4231
4575
4737
4738
9814
9815
9816
10026
10033
10042
10173
10174
10175
10176
10177
10178
10179
10180
10181
10234
10672
17904
9101
9100
1976
1975
14630
14532
14538
14453
7294
14901
14900
14894
14893
14887
14886
14885
14851
14844
10772
2059
14673
18439
18438
18437
18436
18435
3119
2861
2866
2867
2837
2429
2427
2425
2420
14440
14454